7.0116621628403664 24.618151523172855
7.0271472260355949 24.595029540359974
7.0271432027220726 24.595014788210392
7.0271391794085503 24.595002047717571
7.0271391794085503 24.594996683299541
7.0271378383040428 24.594985283911228
7.1052263304591179 24.631441868841648
7.2445711120963097 24.520114101469517
7.2442244365811348 24.519800283014774
7.2443344071507454 24.519898854196072
7.2445248439908028 24.519870020449162
7.2445248439908028 24.519841186702251
7.2444108501076698 24.519701041281223
7.2444437071681023 24.519654102623463
7.0714036747813225 24.428803659975529
7.0714083686470985 24.428787566721439
7.071421779692173 24.428793601691723
7.0714070275425911 24.428768791258335
7.0714063569903374 24.428723193705082
7.0714197680354118 24.428778849542141
7.2000404074788094 24.300014711916447
7.2000410780310631 24.300009347498417
7.2000390663743019 24.300008676946163
7.2000410780310631 24.299999289214611
7.2000303491950035 24.299987219274044
7.2000310197472572 24.299978502094746
7.2000444307923317 24.299995265901089
7.2923117503523827 24.307782389223576
7.2923070564866066 24.307754896581173
7.2922943159937859 24.307679124176502
7.2922876104712486 24.307641573250294
7.2921930626034737 24.307310990989208
7.2915171459317207 24.305058605968952
7.2915104404091835 24.305032454431057
7.2914956882596016 24.304982833564281
7.2916834428906441 24.303926043212414
7.290910966694355 24.303034208714962
7.2452852502465248 24.290994442999363
7.2899520769715309 24.299841709434986
7.2831017151474953 24.275406785309315
7.2817512229084969 24.272503294050694
7.281748540699482 24.27248653024435
7.2817364707589149 24.272416792809963
7.2961345687508583 24.319822154939175
7.2957992926239967 24.318707697093487
7.2957422956824303 24.318281225860119
7.501167319715023 24.385793097317219
7.9999991878867149 23.999996893107891
7.704453282058239 23.901711367070675
7.9057906195521355 23.717371858656406
