7 25
8 24
8 23.5
7 24.5
-----
1  - CS   (732, 6680) 1 5 14 4 16 4 10 2 6 2 6 2 10 4 18 6 23 1 6 1 20 1 6 1 22 1 6 1 21 6 20 6 23 1 5 16 5 1 23 6 18 4 12 4 14 2 2 2 12 4 14 2 2 2 12 4 16 5 1 24 1 6 1 19 6 22 6 21 1 6 1 21 6 21 1 6 1 22 1 5 14 4 16 4 10 2 6 2 6 2 10 4 18 6 23 1 6 1 20 1 6 1 22 1 6 1 21 6 20 6 23 1 5 16 5 1 23 6 19 1 6 1 24 1 5 18 6 22 6 22 6 18 4 12 4 16 5 1 24 1 5 16 4 12 4 18 6 22 6 22 6 18 5 1 24 1 6 1 19 6 23 1 5 16 5 1 23 6 20 6 21 1 6 1 22 1 6 1 20 1 6 1 23 6 18 4 10 2 6 2 6 2 10 4 16 4 14 5 1 22 1 6 1 21 6 21 1 6 1 21 6 22 6 19 1 6 1 24 1 5 16 4 12 2 2 2 14 4 12 2 2 2 14 4 12 4 18 6 23 1 5 16 5 1 23 6 20 6 21 1 6 1 22 1 6 1 20 1 6 1 23 6 18 4 10 2 6 2 6 2 10 4 16 4 14 5 1 22 1 6 1 21 6 21 1 6 1 21 6 22 6 19 1 7 25 1 5 18 6 23 1 5 14 4 16 4 10 2 6 2 8 4 20 6 22 6 18 4 12 4 16 5 1 24 1 5 16 4 14 5 1 22 1 6 1 21 6 20 4 8 2 6 2 10 4 18 6 22 6 21 1 6 1 21 6 22 6 18 4 10 2 6 2 8 4 20 6 21 1 6 1 22 1 5 14 4 16 5 1 24 1 5 16 4 12 4 18 6 22 6 20 4 8 2 8 4 19 1 6 1 23 6 19 1 6 1 24 1 5 16 4 14 4 12 2 4 2 10 4 18 6 23 1 6 1 19 4 10 4 18 6 24 6 18 6 23 1 6 1 21 6 20 6 22 6 20 6 22 6 20 6 22 6 20 6 23 1 5 16 4 12 2 2 2 14 4 12 4 16 4 14 5 1 23 7 1 17 5 1 25 7 1 19 6 22 6 21 1 6 1 21 6 21 1 6 1 22 1 5 14 4 16 5 1 24 1 5 16 4 14 5 1 22 1 6 1 21 6 21 1 6 1 21 6 22 6 19 1 7 25 1 5 17 1 7 23 1 5 14 4 16 4 12 4 14 2 2 2 12 4 16 5 1 23 6 20 6 22 6 20 6 22 6 20 6 22 6 20 6 21 1 6 1 23 6 18 6 24 6 18 4 10 4 19 1 6 1 23 6 18 4 10 2 4 2 12 4 14 4 16 5 1 24 1 6 1 19 6 23 1 6 1 19 4 8 2 8 4 20 6 22 6 18 4 12 4 16 5 1 24 1 5 16 4 14 5 1 22 1 6 1 21 6 20 4 8 2 6 2 10 4 18 6 22 6 21 1 6 1 21 6 22 6 18 4 10 2 6 2 8 4 20 6 21 1 6 1 22 1 5 14 4 16 5 1 24 1 5 16 4 12 4 18 6 22 6 20 4 8 2 6 2 10 4 16 4 14 5 1 23 6 18 5 1 25 7 1 19 6 22 6 21 1 6 1 21 6 21 1 6 1 22 & 2 2 2 2 3 3 3 3 4 5 5 5 5 6 7 7 7 7 9 9 9 9 11 11 11 11 13 13 13 13 14 15 15 15 15 16 16 16 16 17 17 17 17 19 19 19 19 21 21 21 21 23 23 23 23 25 25 25 25 27 27 27 27 29 29 29 29 30 30 30 30 31 31 31 31 32 32 32 32 33 33 33 33 35 35 35 35 36 36 36 36 37 37 37 37 39 39 39 39 40 40 40 40 41 41 41 41 42 43 43 43 43 44 45 45 45 45 49 49 49 49 50 51 51 51 51 55 55 55 55 56 57 57 57 57 58 58 58 58 60 60 60 60 62 62 62 62 64 64 64 64 65 65 65 65 66 66 66 66 67 67 67 67 68 68 68 68 70 70 70 70 72 72 72 72 73 73 73 73 74 74 74 74 76 76 76 76 78 78 78 78 80 80 80 80 81 81 81 81 82 83 83 83 83 84 85 85 85 85 87 87 87 87 89 89 89 89 91 91 91 91 92 93 93 93 93 94 94 94 94 95 95 95 95 97 97 97 97 99 99 99 99 101 101 101 101 103 103 103 103 105 105 105 105 107 107 107 107 108 108 108 108 109 109 109 109 110 110 110 110 111 111 111 111 113 113 113 113 114 114 114 114 115 115 115 115 117 117 117 117 118 118 118 118 119 119 119 119 121 121 121 121 123 123 123 123 125 125 125 125 126 126 126 126 127 127 127 127 128 128 128 128 129 129 129 129 130 130 130 130 131 131 131 131 132 132 132 132 133 134 134 134 134 135 136 136 136 136 137 137 137 137 139 139 139 139 141 141 141 141 142 142 142 142 143 144 144 144 144 145 146 146 146 146 147 147 147 147 148 148 148 148 149 149 149 149 150 150 150 150 151 151 151 151 152 152 152 152 153 153 153 153 155 155 155 155 157 157 157 157 159 159 159 159 160 160 160 160 161 161 161 161 163 163 163 163 164 164 164 164 165 165 165 165 167 167 167 167 168 168 168 168 169 169 169 169 170 170 170 170 171 171 171 171 173 173 173 173 175 175 175 175 177 177 177 177 179 179 179 179 181 181 181 181 183 183 183 183 184 184 184 184 185 185 185 185 186 187 187 187 187 189 189 189 189 191 191 191 191 193 193 193 193 194 195 195 195 195 196 197 197 197 197 198 198 198 198 200 200 200 200 202 202 202 202 204 204 204 204 205 205 205 205 206 206 206 206 208 208 208 208 210 210 210 210 211 211 211 211 212 212 212 212 213 213 213 213 214 214 214 214 216 216 216 216 218 218 218 218 220 220 220 220 221 221 221 221 222 223 223 223 223 227 227 227 227 228 229 229 229 229 233 233 233 233 234 235 235 235 235 236 237 237 237 237 238 238 238 238 239 239 239 239 241 241 241 241 242 242 242 242 243 243 243 243 245 245 245 245 246 246 246 246 247 247 247 247 248 248 248 248 249 249 249 249 251 251 251 251 253 253 253 253 255 255 255 255 257 257 257 257 259 259 259 259 261 261 261 261 262 262 262 262 263 263 263 263 264 265 265 265 265 267 267 267 267 269 269 269 269 271 271 271 271 272 273 273 273 273 274 275 275 275 275 276 276 276 276 278 278 278 278 280 280 280 280 282 282 282 282 283 283 283 283 284 284 284 284 286 286 286 286 288 288 288 288 289 289 289 289 290 290 290 290 291 291 291 291 292 292 292 292 294 294 294 294 295 295 295 295 297 297 297 297 298 298 298 298 299 299 299 299 300 300 300 300 302 302 302 302 303 303 303 303 304 305 305 305 305 306 307 307 307 307 309 309 309 309 311 311 311 311 312 313 313 313 313 314 314 314 314 315 315 315 315 316 316 316 316 317 317 317 317 318 319 319 319 319 320 321 321 321 321 322 322 322 322 324 324 324 324 326 326 326 326 327 327 327 327 328 329 329 329 329 330 330 330 330 332 332 332 332 334 334 334 334 336 336 336 336 337 337 337 337 338 338 338 338 339 340 340 340 340 342 342 342 342 344 344 344 344 345 346 346 346 346 347 347 347 347 348 348 348 348 349 349 349 349 350 350 350 350 352 352 352 352 354 354 354 354 355 355 355 355 356 356 356 356 357 357 357 357 358 358 358 358 359 360 360 360 360 362 362 362 362 364 364 364 364 365 366 366 366 366 367 367 367 367 368 368 368 368 370 370 370 370 372 372 372 372 374 374 374 374 375 375 375 375 376 377 377 377 377 378 378 378 378 380 380 380 380 382 382 382 382 383 383 383 383 384 385 385 385 385 386 387 387 387 387 388 388 388 388 389 389 389 389 390 390 390 390 391 391 391 391 392 393 393 393 393 395 395 395 395 396 397 397 397 397 399 399 399 399 401 401 401 401 402 402 402 402 403 403 403 403 405 405 405 405 407 407 407 407 409 409 409 409 410 410 410 410 411 412 412 412 412 413 414 414 414 414 416 418 418 418 418 419 420 420 420 420 421 421 421 421 422 422 422 422 424 424 424 424 426 426 426 426 427 428 428 428 428 429 430 430 430 430 431 431 431 431 432 432 432 432 433 433 433 433 434 434 434 434 435 435 435 435 436 436 436 436 438 438 438 438 440 440 440 440 441 441 441 441 442 442 442 442 443 443 443 443 444 444 444 444 445 445 445 445 446 446 446 446 447 447 447 447 448 448 448 448 449 449 449 449 450 450 450 450 451 451 451 451 452 452 452 452 453 453 453 453 454 454 454 454 455 455 455 455 456 456 456 456 458 458 458 458 459 459 459 459 460 461 461 461 461 465 465 465 465 466 467 467 467 467 468 469 469 469 469 470 471 471 471 471 472 472 472 472 474 474 474 474 475 475 475 475 477 477 477 477 478 478 478 478 480 480 480 480 481 481 481 481 483 483 483 483 484 484 484 484 485 485 485 485 486 486 486 486 487 487 487 487 489 489 489 489 491 491 491 491 492 492 492 492 493 493 493 493 495 495 495 495 497 497 497 497 499 499 499 499 500 500 500 500 501 502 502 502 502 503 503 503 503 505 505 505 505 507 507 507 507 508 508 508 508 509 510 510 510 510 511 511 511 511 513 513 513 513 515 515 515 515 517 517 517 517 518 518 518 518 519 519 519 519 521 521 521 521 523 523 523 523 524 524 524 524 525 525 525 525 526 526 526 526 527 527 527 527 529 529 529 529 530 530 530 530 532 532 532 532 533 533 533 533 535 535 535 535 536 536 536 536 538 538 538 538 539 539 539 539 540 541 541 541 541 542 543 543 543 543 544 545 545 545 545 549 549 549 549 550 551 551 551 551 552 552 552 552 554 554 554 554 555 555 555 555 556 556 556 556 557 557 557 557 558 558 558 558 559 559 559 559 560 560 560 560 561 561 561 561 562 562 562 562 563 563 563 563 564 564 564 564 565 565 565 565 566 566 566 566 567 567 567 567 568 568 568 568 569 569 569 569 570 570 570 570 572 572 572 572 574 574 574 574 575 575 575 575 576 576 576 576 577 577 577 577 578 578 578 578 579 579 579 579 580 580 580 580 581 582 582 582 582 583 584 584 584 584 586 586 586 586 588 588 588 588 589 589 589 589 590 590 590 590 591 592 592 592 592 594 596 596 596 596 597 598 598 598 598 599 600 600 600 600 601 601 601 601 603 603 603 603 605 605 605 605 607 607 607 607 608 608 608 608 609 609 609 609 611 611 611 611 613 613 613 613 614 615 615 615 615 617 617 617 617 618 619 619 619 619 620 620 620 620 621 621 621 621 622 622 622 622 623 623 623 623 624 625 625 625 625 626 627 627 627 627 628 628 628 628 630 630 630 630 632 632 632 632 633 633 633 633 634 635 635 635 635 636 636 636 636 638 638 638 638 640 640 640 640 642 642 642 642 643 643 643 643 644 644 644 644 645 646 646 646 646 648 648 648 648 650 650 650 650 651 652 652 652 652 653 653 653 653 654 654 654 654 655 655 655 655 656 656 656 656 658 658 658 658 660 660 660 660 661 661 661 661 662 662 662 662 663 663 663 663 664 664 664 664 665 666 666 666 666 668 668 668 668 670 670 670 670 671 672 672 672 672 673 673 673 673 674 674 674 674 676 676 676 676 678 678 678 678 680 680 680 680 681 681 681 681 682 683 683 683 683 684 684 684 684 686 686 686 686 688 688 688 688 689 689 689 689 690 691 691 691 691 692 693 693 693 693 694 694 694 694 695 695 695 695 696 696 696 696 697 697 697 697 698 699 699 699 699 701 701 701 701 703 703 703 703 704 705 705 705 705 706 707 707 707 707 708 708 708 708 710 710 710 710 711 711 711 711 712 712 712 712 713 713 713 713 715 715 715 715 716 716 716 716 718 718 718 718 719 719 719 719 720 720 720 720 721 721 721 721 722 722 722 722 724 724 724 724 726 726 726 726 727 727 727 727 728 728 728 728 730 730 730 730 732 732 732 732
-----

-----

-----

-----

-----
122