// 7 24.5
// 8 23.5
// 8 24
// 7 25
// The following stables colored squares:
CS (264, 2168) (776, 2232) - 1 5 14 4 14 4 12 4 14 4 12 2 4 2 8 4 18 6 22 6 18 6 21 1 6 1 20 1 6 1 21 6 20 6 18 6 23 1 5 16 4 10 2 4 2 10 4 16 5 1 23 6 17 1 7 22 6 18 4 8 2 6 2 8 2 4 2 10 2 4 2 8 2 6 2 8 4 18 6 22 6 16 4 10 2 6 2 6 2 6 2 10 4 16 6 22 6 18 4 8 2 6 2 8 2 4 2 10 2 4 2 8 2 6 2 8 4 18 6 22 7 1 17 6 23 1 5 16 4 10 2 4 2 10 4 16 5 1 23 6 18 6 20 6 21 1 6 1 20 1 6 1 21 6 18 6 22 6 18 4 8 2 4 2 12 4 14 4 12 4 14 4 14 5 1 22 1 6 1 19 6 22 7 1 17 5 1 24 1 5 16 4 10 2 4 2 10 4 16 4 10 2 4 2 10 4 16 5 1 23 6 18 6 21 1 6 1 21 6 18 6 21 1 6 1 21 6 18 6 23 1 5 16 4 10 2 4 2 10 4 16 4 10 2 4 2 10 4 16 5 1 24 1 5 17 1 7 22 6 19 1 6 1 22
CS (332, 3152) (1148, 11398) - 1 5 12 2 2 2 12 2 2 2 12 5 1 21 6 18 6 22 6 18 6 22 6 18 6 21 1 6 1 20 1 6 1 21 6 20 6 18 6 23 1 5 16 4 10 4 18 6 21 1 6 1 20 1 6 1 21 6 18 4 10 4 16 5 1 23 6 18 6 20 6 21 1 6 1 20 1 6 1 21 6 18 6 23 1 5 16 4 10 2 6 4 19 1 6 1 22 1 6 1 19 6 20 6 20 6 20 6 20 6 20 6 19 1 6 1 22 1 6 1 19 6 22 7 1 17 6 23 1 5 16 5 1 23 6 17 1 7 22 6 19 1 6 1 22 1 5 14 4 14 4 12 4 14 4 14 5 1 22 1 6 1 19 6 22 7 1 17 6 23 1 5 16 5 1 23 6 17 1 7 22 6 19 1 6 1 22 1 5 14 4 14 4 12 4 14 4 14 5 1 22 1 6 1 19 6 22 7 1 17 6 23 1 5 16 5 1 23 6 17 1 7 22 6 19 1 6 1 22 1 6 1 19 6 20 6 20 6 20 6 20 6 20 6 19 1 6 1 22 1 6 1 19 4 6 2 10 4 16 5 1 23 6 18 6 21 1 6 1 20 1 6 1 21 6 20 6 18 6 23 1 5 16 4 10 4 18 6 21 1 6 1 20 1 6 1 21 6 18 4 10 4 16 5 1 23 6 18 6 20 6 21 1 6 1 20 1 6 1 21 6 18 6 22 6 18 6 22 6 18 6 21
CS (304, 2752) (1152, 12627) - 1 5 14 4 12 2 2 2 12 4 14 4 12 2 2 2 12 4 14 5 1 21 6 20 6 19 1 6 1 23 6 16 6 24 7 1 19 6 20 6 19 1 7 24 6 16 6 24 7 1 19 6 20 6 20 6 18 4 10 4 18 6 20 6 20 6 20 6 18 4 10 4 18 6 20 6 20 6 20 6 18 4 10 4 18 6 20 6 20 6 19 1 7 24 6 16 6 24 7 1 19 6 20 6 19 1 7 24 6 16 6 23 1 6 1 19 6 20 6 21 1 5 14 4 12 2 2 2 12 4 14 4 12 2 2 2 12 4 14 5 1 21 6 20 6 20 6 18 5 1 24 1 5 16 4 10 2 4 2 10 4 16 4 10 2 4 2 10 4 16 5 1 24 1 5 18 6 20 6 20 6 21 1 5 14 4 12 2 2 2 12 4 14 4 12 2 2 2 12 4 14 5 1 21 6 20 6 19 1 6 1 23 7 1 17 4 10 2 4 2 8 2 6 2 8 2 4 2 10 4 17 1 7 23 1 6 1 19 6 20 6 21 1 5 14 4 12 2 2 2 12 4 14 4 12 2 2 2 12 4 14 5 1 21 6 20 6 20 6 18 5 1 24 1 5 16 4 10 2 4 2 10 4 16 4 10 2 4 2 10 4 16 5 1 24 1 5 18 6 20 6 20 6 21
OSNO (106, 744) (8228, 34405) - 1 5 12 2 4 2 8 2 6 2 8 2 4 2 10 2 2 2 14 5 1 23 6 16 4 10 2 6 4 20 6 20 6 18 4 10 2 2 2 14 4 10 2 4 2 12 5 1 21 6 19 1 6 1 23 6 16 4 10 2 4 2 10 2 4 2 8 2 6 2 8 4 18 4 8 2 6 2 6 2 10 4 16 6 23 1 5 14 2 2 2 10 2 4 2 10 4 16 6 23 1 6 1 19 6 21
OSNO (100, 840) (12327, 2056) - 1 5 14 4 14 4 14 4 12 4 14 4 14 4 14 4 12 4 16 6 23 1 6 1 19 4 8 2 6 2 8 2 4 2 12 4 12 2 4 2 8 2 8 4 18 6 21 1 6 1 22 1 5 14 4 14 4 14 5 1 23 7 1 17 4 10 4 18 6 22 6 18 4 8 2 8 4 18 4 8 2 8 4 18 6 22 6 18 6 23 1 6 1 19 6 21 1 6 1 22
// The following triples colored squares:
// 66336 squares were not filled in
// 6.328125 24.609375
// 7.2990481182932854 24.331035800278187
// 7.2987819090485573 24.330017901957035
// 7.2990098968148232 24.329237379133701
// 7.3000717163085938 24.330253601074219
// 7.3466767743229866 24.336581267416477
// 7.3466318473219872 24.335783310234547
// 7.3465225473046303 24.33503832668066
// 7.3463870957493782 24.334295354783535
// 7.3462697491049767 24.333803169429302
// 62718 stable squares used in the cover
// 0 triple squares used in the cover
// 5 stables used in the cover
// 0 triples used in the cover
// MRR at 22 decimals, deepest magnification 27
// Total stable cost: 337791892
// 66336 squares were not filled in
// Not Covered
// Time elapsed: 1m 40.389s
