0: 1 5 16 6 23, zy; 1 6 1 19 4 8 4 19, zy; 1 5 12 2 4 2 8 4 18 4 8 4 19 1 6 1 19 4 8 4 18 4 8 2 4 2 12 5 1 21 6 18 6 20 6 20 6 20 6 18 6 21, zy
1: 1 5 16 6 23, zy; 1 6 1 19 4 8 4 19, zy; 1 5 14 4 14 4 12 4 14 4 10 2 6 2 6 2 6 2 8 2 4 2 10 2 4 2 8 4 18 4 8 4 19 1 6 1 19 4 8 4 18 4 8 2 4 2 10 2 4 2 8 2 6 2 6 2 6 2 10 4 14 4 12 4 14 4 14 5 1 23 6 14 4 14 4 12 4 14 4 10 2 6 2 6 2 6 2 8 2 4 2 10 2 4 2 8 4 18 4 8 4 18 4 8 2 4 2 10 2 4 2 8 2 6 2 6 2 6 2 10 4 14 4 12 4 14 4 14 6 23, zy
2: 1 5 16 6 23, zy; 1 6 1 19 4 8 4 19, zy; 1 5 12 4 16 6 23 1 5 16 4 12 4 12 4 16 6 22 7 1 17 6 20 6 21 1 5 14 4 14 5 1 22 1 5 14 4 14 5 1 22 1 5 14 4 14 5 1 21 6 20 6 18 6 20 6 20 6 20 6 18 6 20 6 21 1 5 14 4 14 5 1 22 1 5 14 4 14 5 1 22 1 5 14 4 14 5 1 21 6 20 6 17 1 7 22 6 16 4 12 4 12 4 16 5 1 23 6 16 4 12 5 1 20 1 6 1 20 1 6 1 20 1 6 1 20 1 6 1 20 1 6 1 20 1 6 1 20 1 6 1 20, zy
3: 1 5 16 6 23, zy; 1 6 1 19 4 8 4 19, zy; 1 5 12 2 4 2 8 2 4 2 10 4 16 4 10 4 16 4 10 4 16 4 10 2 4 2 8 2 4 2 12 5 1 21 6 18 6 20 6 20 6 19 1 6 1 21 6 18 6 21 1 6 1 19 6 20 6 19 1 6 1 21 6 18 6 21 1 6 1 19 6 20 6 20 6 18 6 21 1 5 12 2 4 2 8 2 4 2 10 4 16 4 10 4 16 4 10 4 17 1 6 1 22 1 6 1 17 4 10 4 16 4 10 4 17 1 6 1 22 1 6 1 17 4 10 4 16 4 10 4 17 1 6 1 22 1 6 1 17 4 10 4 16 4 10 4 17 1 6 1 22 1 6 1 17 4 10 4 16 4 10 4 17 1 6 1 22 1 6 1 17 4 10 4 16 4 10 4 16 4 10 2 4 2 8 2 4 2 12 5 1 21 6 18 6 20 6 20 6 19 1 6 1 21 6 18 6 21 1 6 1 19 6 20 6 19 1 6 1 21 6 18 6 21 1 6 1 19 6 20 6 20 6 18 6 21, zy
4: 1 6 1 21 7 1 17 4 8 4 17 1 7 21, zy; 1 6 1 20, zy; 1 5 12 4 14 4 12 5 1 21 6 16 6 21 1 5 12 4 14 4 12 5 1 21 6 16 6 21 1 5 12 4 14 4 12 5 1 21 6 16 6 21 1 5 12 4 14 4 12 5 1 21 7 1 17 6 19 1 6 1 22 1 5 14 4 12 4 12 4 14 5 1 22 1 6 1 19 6 17 1 7 21, zy
5: 1 5 14 5 1 21 6 18 5 1 23 6 18 6 23 1 5 18 6 21, zy; 6 20, yx; 1 5 16 4 12 4 14 4 12 4 16 6 23 1 5 16 5 1 23 6 16 4 12 4 14 4 12 4 16 5 1 23 6 16 4 12 2 2 2 12 4 12 2 2 2 12 2 2 2 12 4 12 2 2 2 12 4 16 6 23, zy
6: 1 5 16 5 1 23 6 16 5 1 23 6 16 6 23 1 5 16 6 23, zy; 1 6 1 19 4 8 4 19, zy; 1 5 12 4 16 6 22 6 17 1 7 22 6 18 6 22 7 1 17 6 22 6 17 1 7 23 1 5 16 5 1 23 7 1 17 6 22 6 17 1 7 22 6 18 6 22 7 1 17 6 22 6 16 4 12 5 1 19 4 8 4 19 1 6 1 19 4 8 4 19, zy
7: 1 5 16 5 1 23 6 16 5 1 23 6 16 6 23 1 5 16 6 23, zy; 1 6 1 19 4 8 4 19, zy; 1 5 14 4 12 4 16 6 21 1 6 1 19 6 21 1 6 1 19 6 18 4 10 4 16 5 1 23 6 16 4 10 4 18 6 18 4 10 4 16 6 23 1 5 16 4 10 4 18 6 18 4 10 4 16 5 1 23 6 16 4 10 4 18 6 18 4 10 4 16 6 23 1 5 16 4 10 4 18 6 18 4 10 4 16 5 1 23 6 16 4 10 4 18 6 18 4 10 4 16 6 23 1 5 16 4 10 4 18 6 19 1 6 1 21 6 19 1 6 1 21 6 16 4 12 4 14 5 1 21 6 18 4 8 2 6 2 6 2 8 4 18 6 21, zy
8: 1 5 16 5 1 23 6 16 5 1 23 6 16 6 23 1 5 16 6 23, zy; 1 5 14 5 1 21 6 18 6 21, zy; 1 5 18 6 20 6 18 5 1 23 6 17 1 7 22 6 18 4 8 4 19 1 6 1 20 1 6 1 20 1 6 1 20 1 6 1 20 1 6 1 20 1 6 1 20 1 6 1 19 4 8 4 18 6 22 7 1 17 6 23 1 5 18 6 20 6 18 5 1 23 6 18 6 20 6 18 6 23 1 5 18 6 20 6 18 5 1 23 6 18 6 20 6 18 6 23 1 5 18 6 20 6 18 5 1 23 6 18 6 20 6 18 6 23 1 5 18 6 20 6 18 5 1 23 6 18 6 20 6 18 6 23 1 5 18 6 20 6 18 5 1 23 6 18 6 20 6 18 6 23, zy
9: 1 5 16 5 1 23 6 18 5 1 23 6 20 6 23 1 5 18 6 23, zy; 4 14, yx; 1 5 16 5 1 23 6 18 5 1 24 1 5 17 1 7 24 7 1 17 5 1 24 1 5 17 1 7 24 7 1 17 5 1 24 1 5 17 1 7 24 7 1 17 5 1 24 1 5 18 6 23, zy
10: 1 5 14 4 10 4 15 1 7 20 7 1 15 4 10 4 14 5 1 21 6 16 6 21, zy; 2 6, yx; 1 5 14 4 10 4 15 1 7 20 6 16 6 20 6 16 6 20 7 1 15 4 10 4 14 5 1 22 1 5 14 4 10 4 15 1 7 20 7 1 15 4 10 4 14 5 1 22, zy
11: 1 5 14 5 1 21 6 17 1 7 21 1 6 1 20 1 6 1 21 7 1 17 6 21, zy; 1 6 1 20, zy; 1 5 12 2 4 2 6 2 8 4 16 4 8 2 4 2 10 4 16 6 19 1 6 1 22 1 5 14 4 12 4 12 4 14 5 1 22 1 6 1 19 6 16 4 10 2 4 2 8 4 16 4 8 2 6 2 4 2 12 5 1 21 6 16 4 10 4 14 4 12 4 12 4 12 4 14 4 10 4 16 6 21 1 5 12 2 4 2 6 2 8 4 16 6 22 7 1 18 1 7 22 6 16 4 8 2 6 2 4 2 12 5 1 21 6 16 4 10 4 14 4 12 4 12 4 12 4 14 4 10 4 16 6 21, zy
12: 1 5 14 5 1 21 6 17 1 7 21 1 6 1 20 1 6 1 21 7 1 17 6 21, zy; 1 6 1 20, zy; 1 6 1 19 6 18 6 18 4 8 4 18 6 18 6 19 1 6 1 21 6 17 1 7 22 6 14 4 12 2 2 2 10 4 14 4 10 2 4 2 8 4 17 1 7 22 6 14 4 14 6 22 7 1 17 4 8 2 4 2 10 4 14 4 10 2 4 2 8 4 17 1 7 22 6 14 4 14 6 22 7 1 17 4 8 2 4 2 10 4 14 4 10 2 4 2 8 4 17 1 7 22 6 14 4 14 6 22 7 1 17 4 8 2 4 2 10 4 14 4 10 2 2 2 12 4 14 6 22 7 1 17 6 21, zy
13: 1 5 14 5 1 21 7 1 15 4 10 4 15 1 7 21 1 5 14 5 1 21 7 1 16 1 7 21, zy; 2 6, yx; 1 5 15 1 7 19 1 6 1 21 7 1 17 6 19 1 6 1 19 6 17 1 7 21 1 6 1 18 1 6 1 21 7 1 17 6 19 1 6 1 19 6 17 1 7 21 1 6 1 19 7 1 15 5 1 22 1 5 15 1 7 20 7 1 15 5 1 22, zy
14: 1 5 18 5 1 25 7 1 17 4 12 4 17 1 7 25 1 5 18 5 1 25 7 1 18 1 7 25, zy; 4 14, yx; 1 5 18 4 10 4 18 5 1 25 7 1 18 1 7 25 1 5 18 5 1 25 7 1 18 1 7 25, zy
15: 1 5 18 5 1 25 7 1 17 4 12 4 17 1 7 25 1 5 18 5 1 25 7 1 18 1 7 25, zy; 4 14, yx; 1 5 18 5 1 25 7 1 18 1 7 25 1 5 18 5 1 25 7 1 18 1 7 25 1 5 18 5 1 25 7 1 19 6 22 6 19 1 7 25, zy
16: 1 6 1 19 4 8 4 19 1 6 1 23 7 1 19 6 20 6 19 1 7 24 7 1 19 6 20 6 19 1 7 23, zy; 1 6 1 19 4 8 4 19 1 6 1 22, zy; 1 5 14 4 14 4 14 5 1 23 6 16 4 10 2 4 2 10 2 4 2 10 4 16 6 23 1 5 14 4 14 4 14 5 1 23 7 1 17 4 10 4 17 1 7 23 1 5 14 4 14 4 14 5 1 23 6 16 4 10 2 4 2 10 2 4 2 10 4 16 6 23 1 5 14 4 14 4 14 5 1 23 7 1 17 4 10 4 17 1 7 23 1 5 14 4 14 4 14 5 1 23 6 16 5 1 22 1 6 1 20 1 6 1 22 1 5 16 6 23 1 5 14 4 14 4 14 5 1 23 7 1 17 4 10 4 17 1 7 23, zy
17: 1 5 16 5 1 23 6 16 5 1 23 6 16 6 23 1 5 16 5 1 23 6 16 6 23 1 5 16 6 23 1 5 16 5 1 23 6 16 6 23, zy; 1 5 14 5 1 21 6 18 6 21, zy; 1 5 12 2 4 2 8 2 4 2 10 2 2 2 14 6 23 1 5 16 5 1 23 6 14 2 2 2 10 2 4 2 8 2 4 2 12 5 1 21 6 18 6 20 6 20 6 20 6 18 6 21, zy
18: 1 5 16 5 1 23 6 16 5 1 23 6 16 6 23 1 5 16 5 1 23 6 16 6 23 1 5 16 6 23 1 5 16 5 1 23 6 16 6 23, zy; 1 5 14 5 1 21 6 18 6 21, zy; 1 6 1 19 4 6 2 10 4 16 6 22 6 16 4 10 2 6 4 19 1 6 1 20 1 6 1 20 1 6 1 20 1 6 1 19 4 6 2 10 4 16 6 22 7 1 15 4 12 4 14 4 12 4 15 1 7 22 7 1 15 4 12 4 14 4 12 4 15 1 7 22 7 1 15 4 12 4 14 4 12 4 15 1 7 22 7 1 15 4 12 4 14 4 12 4 15 1 7 22 7 1 15 4 12 4 14 4 12 4 15 1 7 22 7 1 15 4 12 4 14 4 12 4 15 1 7 22 7 1 15 4 12 4 14 4 12 4 15 1 7 22 7 1 15 4 12 4 14 4 12 4 15 1 7 22 6 16 4 10 2 6 4 19 1 6 1 20 1 6 1 20 1 6 1 20, zy
19: 1 5 18 5 1 25 7 1 18 1 7 25 1 5 18 5 1 25 7 1 18 1 7 25 1 5 18 6 24 6 18 5 1 25 7 1 18 1 7 25, zy; 4 14, yx; 1 5 18 5 1 25 7 1 18 1 7 25 1 5 18 5 1 25 7 1 18 1 7 25 1 5 18 5 1 25 7 1 19 6 22 6 19 1 7 25, zy
20: 1 5 12 4 14 4 12 5 1 19 4 6 2 8 2 4 2 10 4 14 5 1 21 6 16 4 10 4 16 6 21 1 5 14 4 10 2 4 2 8 2 6 4 19, zy; 1 5 12 4 14 4 12 5 1 20, zy; 1 5 14 4 12 4 14 5 1 22 1 5 14 4 12 4 14 5 1 22 1 5 14 4 12 4 14 6 23 1 5 16 4 8 2 6 2 6 2 8 4 16 4 8 2 6 2 6 2 8 4 16 5 1 23 6 14 4 12 4 14 6 23 1 5 16 4 8 2 6 2 6 2 8 4 16 4 8 2 6 2 6 2 8 4 16 5 1 23 6 14 4 12 4 14 6 23 1 5 16 4 8 2 6 2 6 2 8 4 16 4 8 2 6 2 6 2 8 4 16 5 1 23 6 14 4 12 4 14 5 1 22, zy
21: 1 6 1 19 6 19 1 6 1 19 6 19 1 6 1 21 7 1 17 6 20 6 17 1 7 22 7 1 17 6 20 6 17 1 7 22 7 1 17 6 20 6 17 1 7 21, zy; 1 7 22 7 1 17 6 20 6 17, zy; 1 5 14 4 10 2 6 4 18 6 18 6 21 1 5 14 4 12 4 12 2 2 2 10 2 2 2 12 4 12 4 14 5 1 21 6 18 6 18 4 6 2 10 4 14 5 1 21 6 16 4 10 4 16 6 21, zy
22: 1 5 14 4 14 4 14 5 1 23 6 16 4 12 4 14 4 12 4 16 5 1 23 6 18 6 22 6 18 6 22 6 18 6 23 1 5 16 4 12 4 14 4 12 4 16 6 23, zy; 6 20, yx; 1 5 14 4 12 4 16 5 1 24 1 5 16 4 12 4 14 5 1 21 6 20 6 20 6 20 6 18 4 10 2 4 2 10 4 16 5 1 24 1 5 16 4 12 4 14 4 12 4 16 5 1 24 1 5 16 4 10 2 4 2 10 4 17 1 7 23 1 5 14 4 14 4 12 4 16 6 23 1 5 14 4 14 4 14 5 1 22 1 6 1 21 6 18 6 22 6 18 6 23 1 5 16 4 10 4 18 6 22 6 18 6 21 1 6 1 21 6 20 6 18 4 10 4 16 4 12 4 14 4 12 4 16 6 23 1 6 1 19 6 20 4 6 2 10 4 16 5 1 24 1 5 16 4 10 2 6 4 20 6 19 1 6 1 23 6 16 4 12 4 14 4 12 4 16 4 10 4 18 6 20 6 21 1 6 1 21 6 18 6 22 6 18 4 10 4 16 5 1 23 6 18 6 22 6 18 6 21 1 6 1 22 1 5 14 4 14 4 14 5 1 23 6 16 4 12 4 14 4 14 5 1 23 7 1 17 4 10 2 4 2 10 4 16 5 1 24 1 5 16 4 12 4 14 4 12 4 16 5 1 24 1 5 16 4 10 2 4 2 10 4 18 6 20 6 20 6 20 6 21, zy
23: 1 6 1 19 6 20 6 16 4 10 4 16 6 20 6 19 1 6 1 21 7 1 17 6 20 6 18 6 20 6 17 1 7 22 7 1 17 6 20 6 18 6 20 6 17 1 7 21, zy; 1 5 14 5 1 21 6 16 4 10 4 16 6 21, zy; 1 5 14 4 14 5 1 22 1 6 1 17 4 8 2 6 2 6 2 6 2 8 4 17 1 7 23 1 5 16 6 22 7 1 17 6 20 6 19 1 6 1 19 4 6 2 8 4 17 1 7 23 1 5 16 5 1 23 7 1 17 4 8 2 6 4 19 1 6 1 19 4 6 2 8 4 17 1 7 23 1 5 16 5 1 23 7 1 17 4 8 2 6 4 19 1 6 1 19 6 20 6 17 1 7 22 6 16 5 1 23 7 1 17 4 8 2 6 2 6 2 6 2 8 4 17 1 6 1 22 1 5 14 4 14 5 1 22 1 6 1 17 4 8 2 6 2 6 2 6 2 8 4 17 1 7 23 1 5 16 6 22 7 1 17 6 20 6 19 1 6 1 19 6 20 6 17 1 7 22 6 16 5 1 23 7 1 17 4 8 2 6 2 6 2 6 2 8 4 17 1 6 1 22, zy
24: 1 6 1 19 4 8 2 6 2 8 2 6 2 8 4 19 1 6 1 23 7 1 17 4 10 2 4 2 10 2 4 2 10 4 17 1 7 24 7 1 17 4 10 2 4 2 10 2 4 2 10 4 17 1 7 23, zy; 1 5 14 5 1 21 6 20 6 21, zy; 1 5 16 4 12 4 16 4 10 2 4 2 10 2 4 2 10 4 17 1 7 24 7 1 17 4 10 2 4 2 10 2 4 2 10 4 17 1 7 24 7 1 17 4 10 2 4 2 10 2 4 2 10 4 17 1 7 24 7 1 17 4 10 2 4 2 10 2 4 2 10 4 16 4 12 4 16 5 1 23 6 19 1 6 1 23 6 16 4 12 4 16 4 12 4 14 4 14 4 12 4 16 4 12 4 16 6 23 1 6 1 19 6 23, zy
25: 1 5 14 4 14 4 12 2 2 2 12 4 14 4 12 2 2 2 12 4 14 4 12 2 2 2 12 4 14 4 14 5 1 23 6 16 4 12 4 14 4 12 4 16 5 1 24 1 5 16 4 12 4 14 4 12 4 16 6 23, zy; 6 20, yx; 1 5 14 4 12 4 16 5 1 24 1 5 16 4 12 4 14 4 12 4 16 4 10 4 16 4 12 4 14 4 12 4 16 4 10 4 16 4 12 4 14 4 12 4 16 4 10 4 16 4 12 4 14 4 12 4 16 4 10 4 16 4 12 4 14 4 12 4 16 4 10 4 16 4 12 4 14 4 12 4 16 5 1 24 1 5 16 4 12 4 14 5 1 21 6 20 6 20 6 20 6 18 4 10 2 4 2 10 4 16 5 1 24 1 5 16 4 12 4 14 4 12 2 2 2 12 4 14 4 14 5 1 23 6 16 4 10 2 4 2 10 2 4 2 10 4 16 6 23 1 5 14 4 14 4 12 2 2 2 12 4 14 4 12 4 16 5 1 24 1 5 16 4 10 2 4 2 10 4 18 6 20 6 20 6 20 6 21 1 5 14 4 12 4 16 5 1 24 1 5 16 4 12 4 14 4 12 4 16 5 1 24 1 5 16 4 12 4 14 5 1 21 6 20 6 20 6 20 6 18 4 10 2 4 2 10 4 16 5 1 24 1 5 16 4 12 4 14 4 12 2 2 2 12 4 14 4 14 5 1 23 6 16 4 10 2 4 2 10 2 4 2 10 4 16 6 23 1 5 14 4 14 4 12 2 2 2 12 4 14 4 12 4 16 5 1 24 1 5 16 4 10 2 4 2 10 4 18 6 20 6 20 6 20 6 21, zy
26: 1 5 16 4 12 2 4 2 8 2 8 4 19 1 6 1 24 1 5 18 6 23 1 6 1 19 4 10 4 18 4 10 4 19 1 6 1 23 6 18 5 1 24 1 6 1 19 4 8 2 8 2 4 2 12 4 16 5 1 24, zy; 4 14, yx; 1 5 14 4 14 4 14 4 14 4 14 4 14 4 14 4 14 4 14 4 14 4 14 5 1 21 6 22 6 18 4 12 4 16 5 1 24 1 5 16 4 12 4 18 6 22 6 21, zy
27: 1 5 16 4 12 2 4 2 8 2 8 4 19 1 6 1 24 1 5 18 6 23 1 6 1 19 4 10 4 18 4 10 4 19 1 6 1 23 6 18 5 1 24 1 6 1 19 4 8 2 8 2 4 2 12 4 16 5 1 24, zy; 4 14, yx; 1 5 14 4 14 4 14 4 14 4 14 4 14 4 14 4 14 4 14 4 14 4 14 4 14 4 14 4 14 4 14 4 14 4 14 4 14 4 14 4 14 4 14 4 14 4 14 4 14 4 14 4 14 4 14 4 14 4 14 4 14 5 1 21 6 22 6 18 4 12 4 14 2 2 2 12 4 16 5 1 24 1 5 16 4 12 2 2 2 14 4 12 4 18 6 22 6 21 1 6 1 21 6 22 6 18 4 12 4 14 2 2 2 12 4 16 5 1 24 1 5 16 4 12 2 2 2 14 4 12 4 18 6 22 6 21, zy
28: 1 5 14 5 1 21 6 16 6 20 7 1 15 4 10 4 14 4 10 4 14 4 10 4 14 4 10 4 14 4 10 4 14 4 10 4 14 4 10 4 15 1 7 20 6 16 6 21 1 5 14 5 1 21 6 16 6 20 7 1 16 1 7 20 6 16 6 21, zy; 2 6, yx; 1 5 14 4 10 4 15 1 7 20 6 16 6 20 6 16 6 20 7 1 15 4 10 4 14 5 1 22 1 5 14 4 10 4 15 1 7 20 7 1 15 4 10 4 14 5 1 22, zy
29: 1 5 14 5 1 21 6 16 6 20 7 1 15 4 10 4 14 4 10 4 14 4 10 4 14 4 10 4 14 4 10 4 14 4 10 4 14 4 10 4 15 1 7 20 6 16 6 21 1 5 14 5 1 21 6 16 6 20 7 1 16 1 7 20 6 16 6 21, zy; 2 6, yx; 1 5 14 5 1 21 6 16 6 20 7 1 16 1 7 20 6 16 6 21 1 5 14 5 1 21 6 16 6 20 7 1 16 1 7 20 6 16 6 21 1 5 14 5 1 21 6 16 6 20 7 1 17 6 18 6 18 6 18 6 18 6 18 6 18 6 18 6 18 6 18 6 18 6 18 6 18 6 18 6 17 1 7 20 6 16 6 21, zy
30: 1 6 1 17 4 8 4 16 4 8 4 16 4 8 4 16 4 8 4 17 1 6 1 21 7 1 17 6 18 6 19 1 6 1 19 6 18 6 17 1 7 21 1 6 1 18 1 6 1 21 7 1 17 6 18 6 19 1 6 1 19 6 18 6 17 1 7 21, zy; 2 6, yx; 1 5 12 4 14 5 1 22 1 5 14 4 12 5 1 21 7 1 17 6 18 4 6 2 6 2 8 4 15 1 7 20 6 16 6 20 6 16 6 20 6 16 6 20 6 16 6 20 6 16 6 20 6 16 6 20 7 1 15 4 8 2 6 2 6 4 18 6 17 1 7 21 1 5 12 4 14 5 1 22 1 5 14 4 12 5 1 21 7 1 17 6 18 4 6 2 6 2 8 4 15 1 7 20 7 1 15 4 8 2 6 2 6 4 18 6 17 1 7 21, zy
31: 1 6 1 17 4 8 4 16 4 8 4 16 4 8 4 16 4 8 4 17 1 6 1 21 7 1 17 6 18 6 19 1 6 1 19 6 18 6 17 1 7 21 1 6 1 18 1 6 1 21 7 1 17 6 18 6 19 1 6 1 19 6 18 6 17 1 7 21, zy; 2 6, yx; 1 7 20 6 16 4 8 2 4 2 10 4 12 4 14 6 20 6 17 1 7 22 7 1 17 6 20 6 14 4 12 4 10 2 4 2 8 4 16 6 20 7 1 16 1 7 20 6 16 4 8 2 4 2 10 4 12 4 14 6 20 6 17 1 7 22 7 1 17 6 20 6 14 4 12 4 10 2 4 2 8 4 16 6 20 7 1 16 1 7 20 6 16 4 8 2 4 2 10 4 12 4 14 6 20 6 17 1 7 22 7 1 17 6 20 6 14 4 12 4 10 2 4 2 8 4 16 6 20 7 1 17 6 18 6 18 6 18 6 18 6 18 6 18 6 18 6 18 6 18 6 18 6 18 6 18 6 18 6 18 6 18 6 18 6 18 6 18 6 18 6 18 6 18 6 18 6 18 6 18 6 18 6 18 6 18 6 18 6 18 6 18 6 18 6 18 6 18 6 17, zy
32: 1 5 14 4 10 4 16 6 20 7 1 15 4 8 2 6 2 6 2 6 2 8 4 15 1 7 20 6 16 4 10 4 14 5 1 21 6 16 6 20 6 17 1 7 21 1 6 1 19 6 17 1 7 22 7 1 17 6 19 1 6 1 21 7 1 17 6 20 6 16 6 21, zy; 1 6 1 19 6 17 1 7 22 7 1 17 6 19 1 6 1 20, zy; 1 5 14 4 10 4 16 6 20 6 16 4 10 4 14 5 1 21 6 16 6 21 1 6 1 17 6 20 6 16 4 10 4 14 5 1 21 6 16 6 21 1 5 14 5 1 21 6 14 4 12 4 14 6 21 1 5 14 5 1 21 6 16 6 21 1 5 14 4 10 4 16 6 20 6 17 1 6 1 21 6 16 6 21, zy
33: 1 5 16 5 1 23 6 16 4 12 4 14 4 12 4 16 4 10 4 17 1 7 23 1 6 1 17 4 12 4 12 4 16 4 12 4 12 4 16 4 12 4 12 4 16 4 12 4 12 4 17 1 6 1 23 7 1 17 4 10 4 16 4 12 4 14 4 12 4 16 6 23, zy; 6 20, yx; 1 5 16 4 10 2 6 4 20 6 19 1 6 1 21 6 20 6 20 6 18 4 10 2 4 2 8 2 8 4 17 1 7 23 1 6 1 18 1 6 1 23 7 1 17 4 8 2 8 2 4 2 10 4 18 6 20 6 20 6 21 1 6 1 19 6 20 4 6 2 10 4 16 5 1 23 6 18 6 20 4 8 2 4 2 12 4 12 2 4 2 8 2 4 2 12 4 12 2 4 2 8 2 4 2 12 4 12 2 4 2 8 2 4 2 12 4 12 2 4 2 8 2 4 2 12 4 12 2 4 2 8 4 20 6 18 6 23, zy
34: 1 5 16 5 1 23 6 16 4 12 4 14 4 12 4 16 4 10 4 17 1 7 23 1 6 1 17 4 12 4 12 4 16 4 12 4 12 4 16 4 12 4 12 4 16 4 12 4 12 4 17 1 6 1 23 7 1 17 4 10 4 16 4 12 4 14 4 12 4 16 6 23, zy; 6 20, yx; 1 5 14 4 14 4 12 4 16 6 23 1 5 16 5 1 23 7 1 17 6 23 1 5 16 4 10 2 4 2 10 4 17 1 6 1 23 6 16 4 10 2 6 2 6 2 8 4 18 4 8 2 6 2 6 2 10 4 16 6 23 1 6 1 17 4 10 2 4 2 10 4 16 5 1 23 6 17 1 7 23 1 5 16 5 1 23 6 16 4 12 4 14 4 14 5 1 21 6 20 6 20 6 20 6 20 6 20 6 20 6 20 6 19 1 6 1 23 7 1 17 4 10 4 17 1 7 23 1 6 1 19 6 20 6 20 6 20 6 20 6 20 6 20 6 20 6 21, zy
35: 1 6 1 19 4 6 2 10 4 16 4 10 2 4 2 10 4 16 4 10 2 4 2 10 4 16 4 10 2 6 4 19 1 6 1 23 7 1 17 4 10 2 4 2 10 4 16 4 10 4 18 6 21 1 6 1 21 6 18 4 10 4 16 4 10 2 4 2 10 4 17 1 7 23, zy; 6 20, yx; 1 5 12 4 16 4 12 4 12 4 16 4 12 4 12 4 16 4 12 4 12 4 16 4 12 4 12 4 16 4 12 5 1 21 6 18 4 8 2 8 4 18 6 22 6 16 4 12 4 16 6 23 1 5 16 6 23 1 6 1 19 4 8 4 19 1 6 1 23 6 16 5 1 23 6 16 4 12 4 16 6 22 6 18 4 8 2 8 4 18 6 21, zy
36: 1 6 1 19 4 6 2 10 4 16 4 10 2 4 2 10 4 16 4 10 2 4 2 10 4 16 4 10 2 6 4 19 1 6 1 23 7 1 17 4 10 2 4 2 10 4 16 4 10 4 18 6 21 1 6 1 21 6 18 4 10 4 16 4 10 2 4 2 10 4 17 1 7 23, zy; 6 20, yx; 1 5 14 2 2 2 12 4 12 4 16 4 10 2 4 2 10 4 16 4 10 4 18 6 21 1 6 1 21 6 18 4 10 4 16 4 10 2 4 2 10 4 16 4 12 4 12 2 2 2 14 5 1 24 1 5 18 6 20 4 8 4 19 1 6 1 23 7 1 19 6 20 6 20 6 20 6 20 6 20 6 20 6 20 6 20 6 20 6 20 6 20 6 20 6 20 6 20 6 20 6 20 6 20 6 20 6 20 6 19 1 7 23 1 6 1 19 4 8 4 20 6 18 5 1 24, zy
37: 1 6 1 19 4 6 2 10 4 16 4 10 2 4 2 10 4 16 4 10 2 4 2 10 4 16 4 10 2 6 4 19 1 6 1 23 7 1 17 4 10 2 4 2 10 4 16 4 10 4 18 6 21 1 6 1 21 6 18 4 10 4 16 4 10 2 4 2 10 4 17 1 7 23, zy; 6 20, yx; 1 5 12 4 16 4 12 4 12 4 16 4 12 4 12 4 16 4 12 4 12 4 16 4 12 4 12 4 16 4 12 4 12 4 16 4 12 4 12 4 16 4 12 4 12 4 16 4 12 4 12 4 16 4 12 4 12 4 16 4 12 4 12 4 16 4 12 4 12 4 16 4 12 4 12 4 16 4 12 4 12 4 16 4 12 4 12 4 16 4 12 4 12 4 16 4 12 5 1 21 6 18 5 1 24 1 5 14 2 2 2 12 4 12 4 16 4 10 2 4 2 10 4 16 4 10 4 18 6 21 1 6 1 21 6 18 4 10 4 16 4 10 2 4 2 10 4 16 4 12 4 12 2 2 2 14 5 1 24 1 5 18 6 21 1 6 1 21 6 18 5 1 24 1 5 14 2 2 2 12 4 12 4 16 4 10 2 4 2 10 4 16 4 10 4 18 6 21 1 6 1 21 6 18 4 10 4 16 4 10 2 4 2 10 4 16 4 12 4 12 2 2 2 14 5 1 24 1 5 18 6 21, zy
38: 1 7 20 6 16 4 8 4 17 1 7 22 7 1 17 4 8 4 16 6 20 7 1 15 4 10 4 14 4 10 4 14 4 10 4 14 4 10 4 14 4 10 4 14 4 10 4 14 4 10 4 15 1 7 20 6 16 4 8 4 17 1 7 22 7 1 17 4 8 4 16 6 20 7 1 16, zy; 2 6, yx; 1 5 14 5 1 21 6 16 6 20 7 1 16 1 7 20 6 16 6 21 1 5 14 5 1 21 6 16 6 20 7 1 16 1 7 20 6 16 6 21 1 5 14 5 1 21 6 16 6 20 7 1 17 6 18 6 18 6 18 6 18 6 18 6 18 6 18 6 18 6 18 6 18 6 18 6 18 6 18 6 17 1 7 20 6 16 6 21, zy
39: 1 5 16 6 18 6 19 1 6 1 19 6 18 6 16 5 1 21 6 16 6 20 6 16 6 20 6 16 6 20 6 16 6 20 6 16 6 20 6 16 6 20 6 16 6 21 1 5 16 6 18 6 19 1 6 1 19 6 18 6 16 5 1 22 1 5 16 6 18 6 19 1 6 1 19 6 18 6 16 5 1 22, zy; 2 6, yx; 1 5 15 1 7 19 1 6 1 21 7 1 17 6 19 1 6 1 19 6 17 1 7 21 1 6 1 18 1 6 1 21 7 1 17 6 19 1 6 1 19 6 17 1 7 21 1 6 1 19 7 1 15 5 1 22 1 5 15 1 7 20 7 1 15 5 1 22, zy
40: 1 6 1 19 6 21 1 6 1 21 6 19 1 6 1 23 6 18 6 24 7 1 17 4 12 4 14 4 14 4 14 4 14 4 12 4 17 1 7 24 6 18 6 24 7 1 17 4 12 4 14 4 14 4 14 4 14 4 12 4 17 1 7 24 6 18 6 24 7 1 17 4 12 4 14 4 14 4 14 4 14 4 12 4 17 1 7 24 6 18 6 23, zy; 1 5 14 5 1 21 6 20 6 21, zy; 1 5 16 5 1 23 6 18 6 23 1 5 16 5 1 23 6 18 6 23 1 5 16 5 1 23 6 18 6 23 1 5 16 5 1 23 6 18 6 23 1 5 16 5 1 23 6 18 6 23 1 5 16 5 1 23 6 18 6 23 1 5 16 5 1 23 6 18 6 23 1 5 16 5 1 23 6 18 6 23 1 5 16 5 1 23 7 1 17 6 23 1 6 1 19 6 21 1 6 1 21 6 20 6 21 1 6 1 21 6 19 1 6 1 23 6 17 1 7 23 1 5 16 5 1 23 7 1 17 6 23 1 6 1 19 6 21 1 6 1 21 6 20 6 21 1 6 1 21 6 19 1 6 1 23 6 17 1 7 23, zy
41: 1 6 1 19 6 21 1 6 1 21 6 19 1 6 1 23 6 18 6 24 7 1 17 4 12 4 14 4 14 4 14 4 14 4 12 4 17 1 7 24 6 18 6 24 7 1 17 4 12 4 14 4 14 4 14 4 14 4 12 4 17 1 7 24 6 18 6 24 7 1 17 4 12 4 14 4 14 4 14 4 14 4 12 4 17 1 7 24 6 18 6 23, zy; 1 5 16 5 1 23 6 18 6 23, zy; 1 5 14 4 14 4 16 6 23 1 5 16 5 1 23 6 18 6 23 1 5 16 5 1 23 6 18 6 23 1 5 16 5 1 23 6 18 6 23 1 5 16 5 1 23 6 16 4 14 4 14 5 1 21 6 21 1 6 1 20 1 6 1 21 6 20 6 22 6 18 5 1 24 1 5 18 6 22 6 20 6 21 1 6 1 20 1 6 1 21 6 21, zy
42: 1 5 14 4 12 4 14 6 22 6 16 6 21 1 6 1 19 6 19 1 6 1 21 7 1 17 6 20 6 17 1 7 21 1 6 1 19 6 19 1 6 1 21 6 16 6 22 6 14 4 12 4 14 5 1 22 1 6 1 17 4 10 4 14 4 10 4 16 4 10 4 14 4 10 4 16 4 10 4 14 4 10 4 16 4 10 4 14 4 10 4 17 1 6 1 22, zy; 4 14 6 22 6 14, yx; 1 6 1 19 6 20 7 1 16 1 7 20 6 19 1 6 1 21 7 1 17 6 20 6 17 1 7 21 1 6 1 19 6 20 7 1 17 6 18 4 8 2 6 4 18 4 6 2 8 4 18 6 17 1 7 20 6 19 1 6 1 21 7 1 17 6 20 6 17 1 7 21, zy
43: 1 5 14 2 2 2 12 4 14 4 14 4 14 4 12 4 18 6 22 6 18 4 10 2 6 4 21 1 5 14 4 16 6 24 6 16 4 14 5 1 21 4 6 2 10 4 18 6 22 6 18 4 12 4 14 4 14 4 14 4 12 2 2 2 14 5 1 21 4 6 2 10 4 18 6 22 6 20 6 20 4 8 2 6 2 8 2 6 2 8 4 20 6 20 6 22 6 18 4 10 2 6 4 21, zy; 6 20 6 20 6 22, yx; 1 5 14 2 2 2 12 4 14 4 16 6 23 1 6 1 19 6 22 6 18 4 12 4 14 4 14 4 14 4 12 4 18 6 22 6 18 4 10 2 6 4 21 1 5 14 4 16 6 24 6 16 4 14 5 1 21 4 6 2 10 4 18 6 22 6 18 4 12 4 14 4 14 4 14 4 12 4 18 6 22 6 19 1 6 1 23 6 16 4 14 4 12 2 2 2 14 5 1 22 1 6 1 19 4 8 2 6 2 10 4 16 4 12 4 14 4 16 6 24 6 16 4 14 4 12 4 16 4 12 4 14 4 16 6 24 6 16 4 14 4 12 4 16 4 12 4 14 4 16 6 24 6 16 4 14 4 12 4 16 4 10 2 6 2 8 4 19 1 6 1 22, zy
44: 1 5 14 4 10 2 6 4 18 6 18 4 8 4 18 6 18 4 6 2 10 4 14 5 1 21 6 18 6 18 4 6 2 10 4 14 5 1 21 6 17 1 7 22 6 16 6 22 7 1 17 6 21 1 5 14 4 10 2 6 4 18 6 18 6 21 1 5 14 4 10 2 6 4 18 6 18 4 8 4 18 6 18 4 6 2 10 4 14 5 1 21 6 18 6 18 4 8 4 18 6 18 6 21, zy; 1 5 12 4 14 4 12 5 1 20, zy; 1 5 14 4 12 4 14 6 23 1 5 16 4 8 2 6 2 6 2 8 4 16 4 8 2 6 2 6 2 8 4 16 5 1 23 6 14 4 12 4 14 5 1 22, zy
45: 1 7 20 6 16 4 8 2 4 2 8 4 16 6 20 7 1 17 6 18 6 18 6 17 1 7 20 6 16 4 8 2 4 2 8 4 16 6 20 7 1 17 6 18 6 18 6 17 1 7 20 6 17 1 7 22 7 1 18 1 7 22 7 1 17 6 20 7 1 17 6 18 6 18 6 17 1 7 20 6 17 1 7 22 7 1 18 1 7 22 7 1 17 6 20 7 1 17 6 18 6 18 6 17, zy; 1 7 20 6 16 6 20 7 1 17 6 17, zy; 1 5 14 6 21 1 6 1 19 6 16 6 20 7 1 17 6 17 1 7 20 6 16 6 19 1 6 1 21 6 14 5 1 21 6 16 6 18 6 18 6 18 6 18 6 16 6 21, zy
46: 1 5 14 4 10 2 6 4 18 6 18 6 21 1 5 14 4 12 4 12 4 14 4 10 2 4 2 8 2 4 2 10 4 14 4 12 4 12 4 14 5 1 21 6 18 6 18 4 8 4 18 6 18 6 21 1 5 14 4 12 4 12 4 14 4 10 2 4 2 8 2 4 2 10 4 14 4 12 4 12 4 14 5 1 21 6 18 6 18 4 6 2 10 4 14 5 1 21 6 17 1 7 22 6 16 6 22 7 1 17 6 21, zy; 1 5 12 4 14 4 12 5 1 20, zy; 1 5 14 4 12 4 14 6 23 1 5 16 4 8 2 6 2 6 2 8 4 16 4 8 2 6 2 6 2 8 4 16 5 1 23 6 14 4 12 4 14 5 1 22, zy
47: 1 5 14 4 12 2 4 2 10 4 16 4 12 4 16 6 24 6 16 4 12 4 16 4 10 2 4 2 12 4 12 2 4 2 10 4 16 4 12 4 16 6 24 6 16 4 12 4 16 4 10 2 4 2 12 4 14 5 1 21 6 20 6 22 6 18 6 24 7 1 18 1 7 24 6 18 6 22 6 20 6 21 1 5 14 4 14 5 1 21 6 20 6 22 6 18 6 24 7 1 18 1 7 24 6 18 6 22 6 20 6 21, zy; 6 18 6 22 6 20 6 22, yx; 1 5 14 4 14 5 1 21 6 20 6 22 6 18 6 24 7 1 19 6 20 6 22 6 20 6 20 6 20 6 22 6 20 6 19 1 7 24 6 18 6 22 6 20 6 21, zy
48: 1 5 14 2 2 2 12 4 14 4 12 4 18 6 21 1 6 1 21 6 18 4 12 4 14 4 12 2 2 2 14 5 1 21 4 6 2 10 4 16 4 12 4 16 6 24 6 16 4 12 4 16 4 10 2 6 4 20 4 6 2 10 4 16 4 12 4 16 6 24 6 16 4 12 4 16 4 10 2 6 4 21 1 5 14 2 2 2 12 4 14 4 12 4 18 6 21 1 6 1 21 6 18 4 12 4 14 4 12 2 2 2 14 5 1 22, zy; 6 18 6 22 6 20 6 22, yx; 1 5 14 4 12 2 4 2 10 4 16 4 12 4 14 4 16 6 23 1 5 16 5 1 23 6 16 4 14 4 12 4 16 4 10 2 4 2 12 4 14 5 1 21 6 20 6 21 1 5 14 4 12 2 4 2 10 4 16 4 12 4 14 4 16 6 23 1 5 16 5 1 23 6 16 4 14 4 12 4 16 4 10 2 4 2 12 4 14 5 1 21 6 20 6 21 1 6 1 19 4 8 2 8 4 18 4 10 4 16 4 12 2 2 2 12 4 16 6 23 1 6 1 19 6 22 6 18 6 24 7 1 17 4 10 2 6 4 20 6 21 1 6 1 20 1 6 1 20 1 6 1 21 6 20 4 6 2 10 4 17 1 7 24 6 18 6 22 6 19 1 6 1 23 6 16 4 12 2 2 2 12 4 16 4 10 4 18 4 8 2 8 4 19 1 6 1 21 6 20 6 21, zy
49: 1 5 14 4 14 4 12 2 2 2 12 4 14 4 12 2 2 2 12 4 14 4 12 2 2 2 12 4 14 4 12 2 2 2 12 4 14 4 12 2 2 2 12 4 14 4 12 2 2 2 12 4 14 4 14 5 1 23 6 16 4 12 4 14 4 12 4 16 5 1 24 1 5 16 4 12 4 14 4 12 4 16 6 23 1 5 14 4 14 4 14 5 1 23 6 16 4 12 4 14 4 12 4 16 5 1 24 1 5 16 4 12 4 14 4 12 4 16 6 23, zy; 6 20, yx; 1 5 14 2 2 2 10 2 4 2 10 4 16 5 1 24 1 5 16 4 12 4 14 4 12 4 16 5 1 24 1 5 16 4 10 2 4 2 10 2 2 2 14 5 1 23 6 16 4 12 4 14 4 14 5 1 22 1 6 1 20 1 6 1 22 1 5 14 4 14 4 12 4 16 6 23 1 5 14 2 2 2 10 2 4 2 10 4 16 6 24 7 1 19 6 20 6 21 1 5 14 5 1 21 6 20 6 19 1 7 24 6 16 4 10 2 4 2 10 2 2 2 14 5 1 23 6 16 4 12 4 14 4 14 5 1 22 1 6 1 20 1 6 1 22 1 5 14 4 14 4 12 4 16 6 23, zy
50: 1 5 14 4 14 4 14 5 1 22 1 6 1 21 6 18 6 22 7 1 17 6 22 6 18 6 22 6 18 6 22 6 18 6 22 6 17 1 7 22 6 18 6 22 7 1 17 6 22 6 18 6 22 6 18 6 22 6 18 6 22 6 17 1 7 22 6 18 6 21 1 6 1 22 1 5 14 4 14 4 14 5 1 23 6 16 4 12 4 14 4 12 4 16 5 1 24 1 5 16 4 12 4 14 4 12 4 16 5 1 24 1 5 16 4 12 4 14 4 12 4 16 6 23, zy; 1 6 1 21 6 18 4 10 4 16 4 10 4 18 6 21, zy; 1 5 16 5 1 23 6 18 6 20 4 8 4 19 1 6 1 23 7 1 18 1 7 24 7 1 19 6 20 6 20 6 20 6 20 6 20 6 20 6 20 6 20 6 20 6 19 1 7 24 7 1 18 1 7 23 1 6 1 19 4 8 4 20 6 18 6 23, zy
51: 1 5 14 4 12 2 4 2 8 4 19 1 6 1 22 1 6 1 19 4 8 4 19 1 6 1 23 7 1 18 1 7 24 7 1 17 4 12 4 12 4 16 4 12 4 12 4 16 4 12 4 12 4 16 4 12 4 12 4 16 4 12 4 12 4 16 4 12 4 12 4 16 4 12 4 12 4 17 1 7 24 7 1 18 1 7 23 1 6 1 19 4 8 4 19 1 6 1 22 1 6 1 19 4 8 2 4 2 12 4 14 5 1 22 1 5 14 4 14 5 1 22 1 5 14 4 14 5 1 22, zy; 6 20, yx; 1 5 16 5 1 23 6 18 6 20 4 8 4 19 1 6 1 23 7 1 19 6 20 6 20 6 20 6 20 6 20 6 20 6 20 6 19 1 7 23 1 6 1 19 4 8 4 20 6 18 6 23 1 5 16 5 1 23 6 18 6 22 7 1 17 6 22 6 19 1 6 1 22 1 6 1 19 6 22 6 17 1 7 22 6 18 6 23, zy
52: 1 5 14 4 12 2 4 2 8 4 19 1 6 1 22 1 6 1 19 4 8 4 19 1 6 1 23 7 1 18 1 7 24 7 1 17 4 12 4 12 4 16 4 12 4 12 4 16 4 12 4 12 4 16 4 12 4 12 4 16 4 12 4 12 4 16 4 12 4 12 4 16 4 12 4 12 4 17 1 7 24 7 1 18 1 7 23 1 6 1 19 4 8 4 19 1 6 1 22 1 6 1 19 4 8 2 4 2 12 4 14 5 1 22 1 5 14 4 14 5 1 22 1 5 14 4 14 5 1 22, zy; 6 20, yx; 1 5 14 4 12 4 16 5 1 24 1 5 16 4 12 4 14 4 12 4 16 5 1 24 1 5 16 4 12 4 14 5 1 21 6 20 6 19 1 6 1 23 6 16 4 12 4 14 4 14 5 1 22 1 6 1 20 1 6 1 22 1 5 16 6 23 1 5 14 4 14 4 14 5 1 23 7 1 17 4 10 4 17 1 7 23 1 5 14 4 14 4 14 5 1 23 7 1 17 4 10 4 17 1 7 23 1 5 14 4 14 4 14 5 1 23 6 16 5 1 22 1 6 1 20 1 6 1 22 1 5 14 4 14 4 12 4 16 6 23 1 6 1 19 6 20 6 21, zy
53: 1 5 14 4 12 2 4 2 8 4 19 1 6 1 22 1 6 1 19 4 8 4 19 1 6 1 23 7 1 18 1 7 24 7 1 17 4 12 4 12 4 16 4 12 4 12 4 16 4 12 4 12 4 16 4 12 4 12 4 16 4 12 4 12 4 16 4 12 4 12 4 16 4 12 4 12 4 17 1 7 24 7 1 18 1 7 23 1 6 1 19 4 8 4 19 1 6 1 22 1 6 1 19 4 8 2 4 2 12 4 14 5 1 22 1 5 14 4 14 5 1 22 1 5 14 4 14 5 1 22, zy; 6 20, yx; 1 5 14 4 12 2 4 2 8 4 19 1 6 1 22 1 6 1 19 6 22 6 16 4 12 4 16 6 22 6 19 1 6 1 22 1 6 1 19 4 8 2 4 2 12 4 14 5 1 21 6 20 6 20 6 20 6 20 6 20 6 20 6 20 6 20 6 20 6 20 6 19 1 7 24 7 1 18 1 7 24 6 16 6 24 6 16 6 24 6 16 6 24 6 16 6 24 6 16 6 24 6 16 6 24 6 16 6 24 6 16 6 24 7 1 18 1 7 24 7 1 19 6 20 6 20 6 20 6 20 6 20 6 20 6 20 6 20 6 20 6 20 6 21 1 5 14 4 12 2 4 2 8 4 19 1 6 1 22 1 6 1 19 6 22 6 16 4 12 4 16 6 22 6 19 1 6 1 22 1 6 1 19 4 8 2 4 2 12 4 14 5 1 21 6 20 6 20 6 20 6 20 6 20 6 20 6 20 6 20 6 20 6 20 6 19 1 7 24 7 1 18 1 7 24 7 1 18 1 7 24 7 1 19 6 20 6 20 6 20 6 20 6 20 6 20 6 20 6 20 6 20 6 20 6 21, zy
54: 1 5 12 2 2 2 12 4 14 4 10 2 4 2 10 4 14 4 12 2 2 2 12 5 1 21 6 16 4 10 2 4 2 10 4 14 4 14 5 1 22 1 6 1 18 1 6 1 22 1 5 14 4 14 4 10 2 4 2 10 4 16 6 21 1 5 12 2 2 2 12 4 14 4 10 2 4 2 10 4 14 4 12 2 2 2 12 5 1 21 6 16 4 10 2 4 2 10 4 16 6 21 1 5 12 2 2 2 12 4 14 4 10 2 4 2 10 4 14 4 12 2 2 2 12 5 1 21 6 16 4 10 2 4 2 10 4 16 6 21, zy; 1 5 14 4 14 5 1 22, zy; 1 5 14 4 12 4 14 4 12 4 14 4 12 4 12 2 4 2 8 4 18 6 19 1 6 1 22 1 5 16 6 22 6 16 4 12 4 12 4 16 6 20 4 6 2 8 2 6 4 20 6 16 4 12 4 12 4 16 6 22 6 16 5 1 22 1 6 1 19 6 18 4 8 2 4 2 12 4 12 4 14 4 12 4 14 4 12 4 14 5 1 21 6 18 4 8 4 18 6 21 1 5 14 4 12 4 14 4 12 4 14 4 12 4 14 5 1 21 6 18 4 8 4 18 6 21 1 5 14 4 12 4 14 4 12 4 14 4 12 4 14 5 1 21 6 18 4 8 4 18 6 21, zy
55: 1 5 14 4 14 2 2 2 12 4 14 4 16 6 25 1 5 18 5 1 25 6 16 4 14 4 12 2 2 2 14 4 14 5 1 22 1 5 14 4 14 2 2 2 12 4 14 4 16 6 25 1 5 18 5 1 25 6 16 4 14 4 12 2 2 2 14 4 14 5 1 22 1 5 14 4 14 2 2 2 12 4 14 4 16 6 25 1 5 18 6 24 6 18 6 24 6 18 6 24 6 18 6 24 6 18 6 24 6 18 6 24 6 18 6 24 6 18 6 24 6 18 6 24 6 18 6 24 6 18 6 24 6 18 5 1 25 6 16 4 14 4 12 2 2 2 14 4 14 5 1 22, zy; 4 14, yx; 1 5 18 5 1 25 6 16 4 14 4 12 4 18 6 24 7 1 18 1 7 24 6 18 4 12 4 14 4 16 6 25 1 5 18 5 1 25 6 16 4 14 4 12 4 18 6 24 7 1 18 1 7 24 6 18 4 12 4 14 4 16 6 25 1 5 18 5 1 25 6 16 4 14 4 12 4 18 6 24 7 1 19 6 22 6 20 6 22 6 20 6 22 6 20 6 22 6 20 6 22 6 20 6 22 6 20 6 22 6 20 6 22 6 20 6 22 6 20 6 22 6 20 6 22 6 20 6 22 6 20 6 22 6 19 1 7 24 6 18 4 12 4 14 4 16 6 25, zy
56: 1 5 12 4 16 6 19 1 6 1 21 6 16 6 21 1 6 1 19 6 16 4 12 5 1 21 6 16 6 21 1 5 12 4 16 6 19 1 6 1 21 6 16 6 21 1 6 1 19 6 17 1 7 21 1 6 1 19 6 18 6 19 1 6 1 21 6 14 4 14 6 21 1 6 1 19 6 18 6 19 1 6 1 21 7 1 17 6 19 1 6 1 21 6 16 6 21 1 6 1 19 6 17 1 7 21 1 6 1 19 6 18 6 19 1 6 1 21 6 14 4 14 6 21 1 6 1 19 6 18 6 19 1 6 1 21 7 1 17 6 19 1 6 1 21 6 16 6 21 1 6 1 19 6 16 4 12 5 1 21 6 16 6 21, zy; 1 6 1 19 4 6 2 6 2 8 4 16 4 8 2 6 2 6 4 19, zy; 1 5 14 4 12 4 14 6 22 6 14 4 12 4 14 6 22 6 14 4 12 4 14 6 22 6 14 4 12 4 14 6 22 6 14 4 12 4 14 6 22 6 14 4 12 4 14 6 22 6 14 4 12 4 14 5 1 22 1 6 1 17 4 8 4 18 6 18 6 20 6 16 4 8 2 6 2 8 4 16 6 20 6 18 6 18 6 20 6 18 6 18 6 20 6 16 5 1 22 1 5 14 5 1 21 7 1 16 1 7 20 6 19 1 6 1 19 4 6 2 6 2 8 4 16 4 8 2 6 2 6 4 19 1 6 1 19 6 20 7 1 16 1 7 21 1 5 14 5 1 22 1 5 16 6 20 6 18 6 18 6 20 6 18 6 18 6 20 6 16 4 8 2 6 2 8 4 16 6 20 6 18 6 18 4 8 4 17 1 6 1 22, zy
57: 1 5 12 4 16 6 19 1 6 1 21 6 16 6 21 1 6 1 19 6 16 4 12 5 1 21 6 16 6 21 1 5 12 4 16 6 19 1 6 1 21 6 16 6 21 1 6 1 19 6 17 1 7 21 1 6 1 19 6 18 6 19 1 6 1 21 6 14 4 14 6 21 1 6 1 19 6 18 6 19 1 6 1 21 7 1 17 6 19 1 6 1 21 6 16 6 21 1 6 1 19 6 17 1 7 21 1 6 1 19 6 18 6 19 1 6 1 21 6 14 4 14 6 21 1 6 1 19 6 18 6 19 1 6 1 21 7 1 17 6 19 1 6 1 21 6 16 6 21 1 6 1 19 6 16 4 12 5 1 21 6 16 6 21, zy; 1 6 1 19 4 6 2 6 2 8 4 16 4 8 2 6 2 6 4 19, zy; 1 5 14 5 1 21 6 16 4 8 2 6 2 6 2 6 2 8 4 16 6 21 1 5 14 5 1 21 6 16 4 8 2 6 2 6 2 6 2 8 4 16 6 21 1 5 14 5 1 21 6 16 4 8 2 6 2 6 2 6 2 8 4 16 6 21 1 5 14 5 1 21 6 16 4 8 2 6 2 6 2 6 2 8 4 16 6 21 1 5 14 5 1 21 6 16 4 8 2 6 2 6 2 6 2 8 4 16 6 21 1 5 14 5 1 21 6 16 5 1 22 1 6 1 18 1 6 1 21 6 16 4 10 4 14 4 10 4 16 6 21 1 6 1 18 1 6 1 21 6 16 4 8 2 6 2 6 2 6 2 8 4 16 6 21 1 5 14 5 1 21 6 16 5 1 22 1 6 1 18 1 6 1 22 1 5 16 6 21 1 5 14 5 1 21 6 16 5 1 22 1 6 1 18 1 6 1 22 1 5 16 6 21 1 5 14 5 1 21 6 16 4 8 2 6 2 6 2 6 2 8 4 16 6 21 1 6 1 18 1 6 1 21 6 16 4 10 4 14 4 10 4 16 6 21 1 6 1 18 1 6 1 22 1 5 16 6 21, zy
58: 1 5 16 4 12 2 4 2 10 4 18 4 10 4 18 4 10 2 4 2 12 4 16 5 1 24 1 5 18 6 24 7 1 17 5 1 24 1 5 16 4 14 4 14 4 14 4 14 4 14 4 16 5 1 24 1 5 16 4 14 4 14 4 14 4 14 4 14 4 16 5 1 24 1 5 16 4 14 4 14 4 14 4 14 4 14 4 16 5 1 24 1 5 16 4 14 4 14 4 14 4 14 4 14 4 16 5 1 24 1 5 17 1 7 24 6 18 5 1 24 1 5 16 4 12 2 4 2 10 4 18 4 10 4 18 4 10 2 4 2 12 4 16 5 1 24 1 5 18 6 24 7 1 17 5 1 24 1 5 17 1 7 24 6 18 5 1 24, zy; 1 5 16 4 14 4 14 4 14 4 14 4 14 4 16 5 1 24, zy; 1 5 16 4 12 2 4 2 10 4 18 4 10 4 18 4 10 2 4 2 12 4 16 5 1 24 1 5 18 6 24 6 18 6 25 1 5 18 4 10 2 4 2 12 4 16 5 1 24 1 5 18 6 23 1 6 1 20 1 6 1 23 6 18 5 1 24 1 5 16 4 12 2 4 2 10 4 18 5 1 25 6 16 4 14 4 16 6 25 1 5 18 4 10 2 4 2 12 4 16 5 1 24 1 5 18 6 23 1 6 1 20 1 6 1 23 6 18 5 1 24 1 5 16 4 12 2 4 2 10 4 18 5 1 25 6 18 6 24 6 18 5 1 24, zy
59: 1 5 14 4 14 4 12 4 14 4 14 4 12 4 16 6 22 6 19 1 6 1 23 6 16 5 1 23 6 16 4 12 4 14 4 14 5 1 22 1 6 1 21 6 18 6 22 6 18 6 22 6 18 6 23 1 5 16 4 10 2 4 2 10 4 18 6 20 6 20 6 20 6 20 6 21 1 6 1 19 4 8 2 6 2 8 4 18 4 8 2 6 2 8 4 18 4 8 2 6 2 8 4 19 1 6 1 21 6 20 6 20 6 20 6 20 6 18 4 10 2 4 2 10 4 16 5 1 23 6 18 6 22 6 18 6 22 6 18 6 21 1 6 1 22 1 5 14 4 14 4 12 4 16 6 23 1 5 16 6 23 1 6 1 19 6 22 6 16 4 12 4 14 4 14 4 12 4 14 4 14 5 1 22 1 6 1 20 1 6 1 22, zy; 6 20, yx; 1 5 14 4 12 2 2 2 12 4 16 6 22 6 18 4 8 2 8 4 18 6 20 4 8 4 19 1 6 1 23 7 1 19 6 20 6 20 6 20 6 20 6 20 6 20 6 20 6 20 6 20 6 20 6 20 6 20 6 20 6 20 6 20 6 20 6 20 6 19 1 7 23 1 6 1 19 4 8 4 20 6 18 4 8 2 8 4 18 6 22 6 16 4 12 2 2 2 12 4 14 5 1 22, zy
60: 1 5 16 6 23 1 6 1 19 4 6 2 10 4 16 4 10 2 4 2 10 4 16 4 10 2 4 2 10 4 16 4 10 2 4 2 10 4 16 4 10 2 4 2 10 4 16 4 10 2 4 2 10 4 16 4 10 2 4 2 10 4 16 4 10 2 4 2 10 4 16 4 10 2 4 2 10 4 16 4 10 2 4 2 10 4 16 4 10 2 4 2 10 4 16 4 10 2 6 4 19 1 6 1 23 6 16 5 1 23 6 16 4 12 4 16 6 22 6 18 4 8 2 6 2 8 2 6 2 6 2 8 2 4 2 12 4 12 4 16 4 10 2 4 2 10 4 16 4 10 4 18 6 21 1 6 1 21 6 18 4 10 4 16 4 10 2 4 2 10 4 16 4 12 4 12 2 4 2 8 2 6 2 6 2 8 2 6 2 8 4 18 6 22 6 16 4 12 4 16 6 23, zy; 6 20, yx; 1 5 14 4 12 2 2 2 12 4 16 6 22 6 18 4 8 2 8 4 18 6 20 4 8 4 19 1 6 1 23 7 1 19 6 20 6 20 6 20 6 20 6 20 6 20 6 20 6 20 6 20 6 20 6 20 6 20 6 20 6 20 6 20 6 20 6 20 6 19 1 7 23 1 6 1 19 4 8 4 20 6 18 4 8 2 8 4 18 6 22 6 16 4 12 2 2 2 12 4 14 5 1 22, zy
61: 1 5 14 4 14 4 14 4 12 2 4 2 10 2 2 2 14 4 14 4 12 4 18 6 23 1 5 16 4 12 4 16 5 1 23 6 18 4 12 4 14 4 14 2 2 2 10 2 4 2 12 4 14 4 14 4 12 2 4 2 10 2 2 2 14 4 14 4 12 4 18 6 23 1 5 16 4 12 4 16 5 1 23 6 18 4 12 4 14 4 14 2 2 2 10 2 4 2 12 4 14 4 14 4 14 5 1 21 6 21 1 6 1 21 6 22 6 18 5 1 24 1 5 16 4 12 4 16 4 12 4 16 4 12 4 16 5 1 24 1 5 18 6 22 6 21 1 6 1 21 6 21 1 5 14 4 14 4 14 4 14 5 1 21 6 21 1 6 1 21 6 22 6 18 5 1 24 1 5 16 4 12 4 16 4 12 4 16 4 12 4 16 5 1 24 1 5 18 6 22 6 21 1 6 1 21 6 21, zy; 1 6 1 21 6 20 4 8 2 6 2 10 4 16 4 12 4 16 4 12 4 16 4 10 2 6 2 8 4 20 6 21, zy; 1 5 14 4 14 4 16 6 24 6 18 6 24 7 1 17 4 12 4 16 5 1 24 1 5 16 4 12 2 2 2 14 4 12 4 16 4 12 4 16 4 12 4 16 4 12 4 14 2 2 2 12 4 16 6 25 1 5 18 5 1 25 7 1 19 6 21 1 6 1 22 1 6 1 21 6 19 1 7 25 1 5 18 6 24 6 18 6 22 6 22 6 18 5 1 24 1 5 16 4 12 4 16 4 12 4 16 4 12 4 16 5 1 24 1 5 18 6 22 6 22 6 18 6 24 6 18 5 1 25 7 1 19 6 21 1 6 1 22 1 6 1 21 6 19 1 7 25 1 5 18 5 1 25 6 16 4 12 2 2 2 14 4 12 4 16 4 12 4 16 4 12 4 16 4 12 4 14 2 2 2 12 4 16 5 1 24 1 5 16 4 12 4 17 1 7 24 6 18 6 24 6 16 4 14 4 14 5 1 21 4 6 2 10 2 2 2 14 4 14 4 12 4 18 6 23 1 5 16 4 12 4 16 5 1 23 6 18 4 12 4 14 4 14 2 2 2 10 2 6 4 21, zy
62: 1 5 16 6 22 7 1 17 4 8 2 4 2 10 4 14 4 10 2 4 2 8 4 17 1 7 22 6 16 5 1 23 7 1 17 4 8 2 4 2 10 4 14 4 10 2 4 2 8 4 17 1 7 22 6 16 6 22 7 1 17 4 8 2 4 2 10 4 14 4 10 2 4 2 8 4 17 1 7 22 6 16 4 8 2 4 2 10 4 16 6 19 1 6 1 21 6 16 6 21 1 6 1 19 6 16 4 10 2 4 2 8 4 16 6 22 7 1 17 4 8 2 4 2 10 4 14 4 10 2 4 2 8 4 17 1 7 22 6 16 6 22 7 1 17 4 8 2 4 2 10 4 14 4 10 2 4 2 8 4 17 1 7 23 1 5 16 6 22 7 1 17 4 8 2 4 2 10 4 14 4 10 2 4 2 8 4 17 1 7 22 6 16 5 1 23 7 1 17 4 8 2 4 2 10 4 14 4 10 2 4 2 8 4 17 1 7 22 6 16 6 22 7 1 17 4 8 2 4 2 10 4 14 4 10 2 4 2 8 4 17 1 7 23, zy; 4 8 4 18 6 18 6 18, yx; 1 6 1 19 6 20 7 1 17 6 18 4 8 4 18 6 17 1 7 20 6 19, zy
63: 1 5 14 4 14 4 14 5 1 22 1 6 1 21 6 18 6 22 6 18 6 22 6 18 6 22 6 18 6 22 6 18 6 22 6 18 6 22 6 18 6 22 6 18 6 22 6 18 6 22 6 18 6 22 6 18 6 22 7 1 17 6 22 6 18 6 22 6 18 6 22 6 18 6 22 6 18 6 22 6 18 6 22 6 18 6 22 6 18 6 22 6 18 6 22 6 18 6 22 6 18 6 22 6 18 6 22 6 18 6 22 6 18 6 22 6 18 6 22 6 18 6 22 6 18 6 22 6 18 6 22 6 18 6 22 6 18 6 22 6 17 1 7 22 6 18 6 22 6 18 6 22 6 18 6 22 6 18 6 22 6 18 6 22 6 18 6 22 6 18 6 22 6 18 6 22 6 18 6 22 6 18 6 22 6 18 6 21 1 6 1 22 1 5 14 4 14 4 14 5 1 23 7 1 17 4 10 4 17 1 7 23 1 5 14 4 14 4 14 5 1 23 6 16 5 1 22 1 6 1 20 1 6 1 22 1 5 16 6 23 1 5 14 4 14 4 14 5 1 23 7 1 17 4 10 4 17 1 7 23, zy; 1 6 1 21 6 18 4 8 2 6 2 8 2 6 2 6 2 8 2 6 2 6 2 8 2 6 2 6 2 8 2 6 2 6 2 8 2 4 2 12 4 12 2 2 2 12 2 2 2 12 4 12 4 16 4 10 2 4 2 10 4 16 4 10 2 4 2 10 4 16 4 10 4 18 6 21, zy; 1 5 16 5 1 23 6 16 4 12 2 2 2 12 4 12 2 2 2 12 2 2 2 12 4 12 2 2 2 12 2 2 2 12 4 12 2 2 2 12 2 2 2 12 4 12 2 2 2 12 2 2 2 12 4 12 2 2 2 12 2 2 2 12 4 12 2 2 2 12 2 2 2 12 4 12 2 2 2 12 4 16 6 23 1 5 16 5 1 23 6 16 4 12 4 16 6 23 1 5 16 5 1 23 6 17 1 7 22 6 18 4 8 2 8 4 18 6 21 1 6 1 21 6 18 4 8 2 8 4 18 6 21 1 6 1 21 6 18 4 8 2 8 4 18 6 21 1 6 1 21 6 18 4 8 2 8 4 18 6 21 1 6 1 21 6 18 4 8 2 8 4 18 6 21 1 6 1 21 6 18 4 8 2 8 4 18 6 22 7 1 17 6 23 1 5 16 5 1 23 6 16 4 12 4 16 6 23, zy
64: 1 5 16 6 23 1 6 1 19 6 20 6 20 6 20 6 20 6 18 4 10 4 16 4 10 2 4 2 10 4 16 4 10 4 18 6 20 6 20 6 20 6 20 6 19 1 6 1 23 6 16 5 1 23 6 16 4 10 2 4 2 10 2 4 2 8 2 6 2 6 2 8 2 6 2 6 2 8 2 4 2 10 2 4 2 10 4 16 6 23 1 5 16 6 23 1 6 1 19 6 20 6 20 6 20 6 20 6 18 4 10 4 16 4 10 2 4 2 10 4 16 4 10 4 18 6 20 6 20 6 20 6 20 6 19 1 6 1 23 6 16 5 1 23 6 16 4 10 2 4 2 10 2 4 2 8 2 6 2 6 2 8 2 6 2 6 2 8 2 4 2 10 2 4 2 10 4 16 6 23 1 5 16 6 24 7 1 19 6 20 6 20 6 20 6 20 6 18 4 10 4 16 4 10 2 4 2 10 4 16 4 10 4 18 6 20 6 20 6 20 6 20 6 19 1 7 24 6 16 5 1 23 6 16 4 10 2 4 2 10 2 4 2 8 2 6 2 6 2 8 2 6 2 6 2 8 2 4 2 10 2 4 2 10 4 16 6 23, zy; 1 6 1 21 6 18 6 22 6 16 4 12 4 16 6 22 6 18 6 22 6 18 6 21, zy; 1 5 14 4 12 2 2 2 12 4 14 4 12 2 2 2 12 4 14 5 1 21 6 20 6 19 1 6 1 23 6 16 6 24 7 1 19 6 20 6 19 1 7 24 6 16 6 24 7 1 19 6 20 6 19 1 7 24 6 16 6 24 7 1 19 6 20 6 19 1 7 24 6 16 6 23 1 6 1 19 6 20 6 21 1 5 14 4 12 2 2 2 12 4 14 4 12 2 2 2 12 4 14 5 1 21 6 20 6 19 1 6 1 23 6 16 6 24 7 1 19 6 20 6 19 1 7 24 6 16 6 24 7 1 19 6 20 6 20 6 18 4 10 4 18 6 20 6 20 6 20 6 18 4 10 4 18 6 20 6 20 6 19 1 7 24 6 16 6 24 7 1 19 6 20 6 19 1 7 24 6 16 6 23 1 6 1 19 6 20 6 21, zy
